# Fix print output for fix SAVE
1.12922235842459e-16 -2.07391946018368e-05
1.12921671234103e-16 -2.04175917252815e-05
0 -2.03045139732703e-05
0 -2.03241180271252e-05
1.12919977442911e-16 -2.01946984263471e-05
0 -1.98744207434024e-05
0 -1.96731773512734e-05
1.1291828370253e-16 -2.05567510126457e-05
0 -2.04003922832364e-05
0 -1.92261720889391e-05
1.12916590012959e-16 -1.48753040863933e-05
1.12916025461059e-16 -6.61619802643405e-06
0 4.05411456252731e-06
1.12914896374195e-16 1.282758485941e-05
0 2.11680153262949e-05
0 3.15437288824332e-05
1.12913202786237e-16 4.31530538655384e-05
0 5.59784001626871e-05
0 7.72976629512411e-05
1.12911509249081e-16 0.000102662684897105
1.12910944747985e-16 0.000134985397645348
0 0.000161455717114878
0 0.000187113984818679
1.12909251278562e-16 0.000225776657061866
0 0.000249520318062379
0 0.000273779111908806
1.12907557859938e-16 0.000272482781213049
0 0.000218219358302597
0 0.00018473603670871
1.12905864492108e-16 0.000118940788666489
0 -5.26324818894852e-05
0 -0.000282318125475281
1.12904171175071e-16 -0.000566749153978188
0 -0.000667932122819161
0 -0.000792069667351891
1.12902477908825e-16 -0.000863182050154641
0 -0.00110910737287352
0 -0.00126538351526037
1.12900784693368e-16 -0.00137663303330731
1.12900220299501e-16 -0.00112003777286786
0 -0.000653623681719108
0 -0.000568534513003131
1.12898527151758e-16 -0.000439784839737546
0 -0.000248860243730934
0 -0.000183111174020894
1.12896834054797e-16 -0.000203821136270868
0 -0.000543991204801653
0 -0.000919978824546857
1.12895141008617e-16 -0.000101714980719201
0 -9.50676877923217e-05
0 0.000103894124759709
1.12893448013216e-16 -0.000783713430499889
0 -0.00076226968618223
0 -0.000480023036740384
1.12891755068591e-16 -0.000973848939786303
0 -0.000355962561075878
0 -0.000707963623522181
1.1289006217474e-16 -0.000926193374667989
1.12889497888072e-16 -0.0011913603132343
0 -0.000320628593527975
0 -0.000852138129922548
1.12887805061916e-16 -0.00108093525373987
0 -0.000571219912097798
0 -0.00119016097568879
1.12886112286528e-16 -0.000828471929057671
0 -0.000480231986922965
0 -0.000374750652436356
1.12884419561906e-16 -0.000151966898650356
0 -0.000591225912942421
0 -0.000412657664554272
1.12882726888049e-16 -0.000111198859290813
0 -7.58755641356437e-05
0 -0.000331793853177193
1.12881034264953e-16 -0.000262521447589204
1.12880470068534e-16 0.000286215781648662
0 2.4598460136926e-05
1.12879341692616e-16 -0.00055464665609953
1.12878777513117e-16 -0.000391698096476798
0 9.15198201766131e-05
0 1.3428947681507e-05
1.12877085008456e-16 -8.35704696872078e-05
0 -0.000256680186744006
0 -0.000729434939592949
1.12875392554549e-16 -0.00057410726560381
0 -0.000381977601108058
0 -0.000585164382972836
1.12873700151394e-16 -1.09284123852813e-05
0 -0.000696186757058352
0 -0.000640323532996189
1.12872007798989e-16 -0.000645111728626585
0 -0.000184598516953837
0 -8.95513145032353e-05
1.12870315497331e-16 -0.000581641139119496
1.12869751408055e-16 -0.000488169879214847
0 -0.000434658271087303
0 -0.000400280684172061
1.12868059174056e-16 -0.000163199381747904
0 -0.000451217813265629
0 -0.00032802782928637
1.12866366990799e-16 -0.000439601883971874
0 -0.00113711117440092
0 -9.92346035905627e-06
1.12864674858282e-16 -0.000353583607404656
0 -0.000346447501227538
0 -0.000299825514717491
1.12862982776502e-16 -0.000385992816307572
0 -6.62341499837217e-05
0 -0.000614772695188355
1.12861290745457e-16 -0.000224376379680861
0 -0.000579229123314297
0 -0.000497976308892175
1.12859598765145e-16 -0.000570794546654303
1.12859034782981e-16 -0.000607470972040193
0 -0.000400542893136395
0 6.98621605024752e-05
1.12857342870309e-16 -0.000443389861149439
0 -0.000943019940335934
0 -0.000500500677937968
1.12855651008364e-16 -0.00055749091942454
0 -0.000384908412089415
0 -0.000361721910611149
1.12853959197145e-16 -0.000452802954196862
0 -9.50313662042055e-05
0 -0.00026731435330436
1.12852267436649e-16 -0.000378169878412451
0 -0.000240414309549096
0 -0.000460403366777606
1.12850575726873e-16 -0.00017193166695061
0 -0.00074603312898119
0 -0.000219911785187321
1.12848884067815e-16 -0.000119141759985704
1.12848320192733e-16 0.000126920467149756
0 -0.000333528599516123
0 -0.000749357694137129
1.12846628601297e-16 -4.49209021358288e-05
0 -0.000113811381937589
0 -0.000757421620324326
1.12844937060573e-16 -0.000791554767753571
0 -0.000443334904255467
0 -0.000371584151236008
1.1284324557056e-16 -0.000216454277417365
0 -6.64970590777384e-05
0 -0.000230698222438365
1.12841554131256e-16 -0.000146688928407962
-1.12840990329422e-16 -0.000141532625196287
0 -8.50497917490372e-05
1.12839862742657e-16 -0.000849553017278487
0 -0.000734001770104848
0 -0.000260836980730799
1.12838171404763e-16 2.89282620093204e-05
1.12837607636732e-16 -0.000411082960684296
0 -0.000828967691671794
0 -0.000160976796665978
1.12835916366439e-16 -0.000483245974599501
0 -0.000474264455336321
0 -0.000456837824377213
1.12834225146845e-16 -0.000168140706494529
0 -0.000678368718452216
0 -0.000338379746152151
1.12832533977947e-16 -0.000798504859825113
-1.12831970266246e-16 -0.0003569481553823
0 0.000173620586797278
1.12830842859743e-16 -0.000385133398388939
-1.1283027916494e-16 -0.0010080300912466
0 -0.000265341147857466
1.12829151792231e-16 -0.000497830072988973
0 -0.000400258495098665
0 -0.000462640868676947
1.12827460775408e-16 0.000191774479040908
1.12826897114398e-16 -0.000764820067265977
0 -0.000192260276609542
0 -0.000152467956354172
1.12825206165157e-16 9.05818826955292e-05
0 0.000151371557904543
0 -0.000360703334244541
1.12823515266601e-16 -0.000508838116847761
0 -0.000169338628291262
0 -0.000125763125954192
1.12821824418727e-16 -0.000280592246907351
-1.12821260814031e-16 -0.000579133946558731
0 -0.000564225805240418
1.12820133621532e-16 -0.000576066781208044
-1.12819570033729e-16 -0.000636497329390949
0 -0.000387755941134407
1.12818442875014e-16 -0.000390286964809914
0 -0.00101939689342647
0 -0.00050308880560626
1.12816752179172e-16 0.000159561606556559
1.12816188625152e-16 0.00010371195725065
0 0.000151307327767163
0 -0.000107882713450952
1.12814497996872e-16 -0.000619648592368966
0 -0.000456349048511128
0 -4.62220447150521e-05
1.12812807419263e-16 0.000478213513070211
0 1.25132194743125e-05
0 -0.00013065047529146
1.1281111689232e-16 -0.000289048320429846
-1.12810553394599e-16 -0.000468602219004435
0 -5.9748806512493e-05
1.12809426416043e-16 -0.000684668124615513
-1.1280886293521e-16 -0.000377323063876756
0 -0.000374663633052164
1.12807735990429e-16 -0.000316682147549907
1.12807172526482e-16 -0.000397213494303735
0 -0.00017224518360408
1.12806045615475e-16 -0.000347579963591911
1.12805482168415e-16 -0.00115933264648868
0 -0.00036862037636775
0 -0.000259220783951866
1.12803791861005e-16 -0.000853080100877983
0 -0.000506149430016088
0 -0.00025463934834082
1.12802101604251e-16 -0.000351164079872295
0 -0.000822313427072875
0 -0.00037422030975996
1.12800411398149e-16 -0.000746972197964258
-1.12799848007371e-16 -0.000674806764116781
0 -0.00031053843385657
1.12798721242699e-16 -0.00018829942106988
-1.12798157868804e-16 -0.000290711136736285
0 -0.00019987747284921
1.12797031137896e-16 0.000424770540779766
1.12796467780884e-16 -0.000171681217124455
0 -0.00043635378856406
1.1279534108374e-16 -0.000355931965539911
1.12794777743609e-16 -0.000107009808251873
0 -0.000240006948307063
0 -0.000166770389724699
1.12793087756978e-16 -0.000341242175286666
0 -0.000472477198002148
0 -0.000216018788417791
1.12791397820987e-16 -0.000347628903558721
0 -0.000119893025883418
0 -0.000379830798958904
1.12789707935635e-16 -0.000519118906676305
-1.1278914465177e-16 0.000214279153009862
0 -0.000390057468736785
1.12788018100919e-16 -0.000427813355299305
-1.12787454833933e-16 -0.000640895265826739
0 -0.000483231425338129
1.12786328316838e-16 -0.000505316867045501
1.12785765066729e-16 -8.95095545872642e-05
0 0.000156840619486818
0 -0.000539612280625339
1.12784075350155e-16 -0.000494964857349863
0 -0.000475678689314132
0 -0.00019049985836798
1.12782385684211e-16 0.000120308510824903
0 -0.000195529068326714
0 -0.000734501401265371
1.12780696068893e-16 -9.58263334911064e-05
0 1.44153507630499e-05
0 -0.00040625702059111
1.12779006504199e-16 -0.000237362265047419
-1.12778443327217e-16 -0.000403985708052422
0 -0.000301949058035069
1.12777316990127e-16 -7.09787661174591e-05
-1.12776753830019e-16 0.000269185595079368
0 -0.000247961348814098
1.12775627526675e-16 -0.000757294854790819
1.12775064383439e-16 -0.000831758319293572
0 -0.000550083936159823
0 0.000220329553200127
1.12773374987476e-16 -7.19476964078966e-05
0 -0.000662002267404717
0 -0.000133834541798376
1.12771685642127e-16 0.000132192515922597
0 -0.000411367760799313
0 -3.94083958696354e-05
1.1276999634739e-16 0.00018281300578356
0 -0.000251997274454747
0 -0.000161420267379893
1.12768307103263e-16 -0.000296661127396191
-1.12767744033134e-16 -0.000378363397143119
0 -0.000548213234904458
1.12766617909744e-16 -0.000114290570385933
-1.12766054856483e-16 -1.89742739015432e-05
0 0.00014932031399296
1.1276492876683e-16 -0.00037203789222121
1.12764365730437e-16 -0.000425808600677223
0 -0.000793014330515482
0 2.63212826245928e-05
1.12762676654993e-16 -0.000261924670324097
0 -6.02440060824821e-05
0 -0.000251125776746466
1.12760987630148e-16 -0.000466234795977696
0 -0.000682881088947567
0 0.000103275936855576
1.12759298655902e-16 -0.000138186358465825
0 0.000125427211909856
0 -0.00067457272024556
1.1275760973225e-16 -0.00053512312416614
-1.12757046768943e-16 -0.000450769547986194
0 -0.00042744646653453
1.12755920859192e-16 -9.11992551700483e-05
-1.12755357912749e-16 -3.2277267465246e-05
0 -0.000545320224019379
1.12754232036725e-16 9.01702006854111e-05
1.12753669107144e-16 -0.000582272890787863
0 -0.000125615604547449
0 -0.000394164484028141
1.12751980352128e-16 -0.000175660444893181
0 0.000236453437235427
0 -0.000314475708930904
1.12750291647697e-16 -0.000512967236903231
0 -0.000475464213843929
0 -0.00016578245142398
1.12748602993849e-16 0.000177483717583788
-1.12748040120473e-16 -0.000119734248074289
0 -0.000268012011081323
1.12746914390582e-16 -0.000110476203715045
-1.12746351534066e-16 -0.000402314975552122
0 -0.000393591267811564
1.12745225837894e-16 0.000122437156951307
-1.12744662998237e-16 0.000274523989724722
0 -0.000171091560359708
1.12743537335782e-16 -0.00060445451552362
1.12742974512984e-16 -0.000275357245419631
0 -0.000823582739016775
0 -0.00042612014881635
1.12741286078304e-16 -0.000356440787612083
0 -0.00014684080525677
0 -0.000228399910302814
1.12739597694195e-16 -0.000407839980471246
0 -0.000656619378446039
0 -0.000577968219191992
1.12737909360655e-16 8.99715818779523e-05
-1.12737346594045e-16 -1.97433803086818e-05
0 0.000248081789000305
1.12736221077681e-16 -0.000182304578858568
-1.12735658327927e-16 -0.000496755020252581
0 -0.000105184531376947
1.12734532845272e-16 -0.000252708261046479
-1.12733970112372e-16 -0.000513833835419339
0 0.000287514583699621
1.12732844663425e-16 -0.000293796420314165
1.12732281947378e-16 -0.00028954058740369
0 -0.000486243006032717
0 3.06856679867952e-05
1.12730593832943e-16 -0.000367217519824543
0 -0.000122785443243008
0 -0.000458542025029459
1.12728905769065e-16 -6.52929929811726e-05
0 -0.000159277037614854
0 -1.70611470535613e-05
1.12727217755742e-16 -0.000369269862389979
-1.12726655095868e-16 -0.000360349464206727
0 -0.000400490803621213
1.12725529792971e-16 -4.25086082442462e-05
-1.12724967149947e-16 -0.000186133219680951
0 -0.000345761008909437
1.12723841880749e-16 -0.000694811583561092
-1.12723279254575e-16 -0.000254407836130482
0 -0.000195317467631309
1.12722154019076e-16 -0.000331140042605265
1.1272159140975e-16 0.000167197542903087
0 -0.000498512120060827
0 -0.00029209618158164
1.1271990361547e-16 -0.000442953059223264
0 6.66034920847472e-05
0 -0.000470257723348955
1.12718215871732e-16 -0.000336048731988222
0 -0.000415555705896397
0 -4.54303364181592e-05
1.12716528178534e-16 -0.000153044145014603
-1.12715965625365e-16 0.000125619340942992
0 -0.000551848628932727
1.12714840535873e-16 1.51694198854801e-05
-1.1271427799955e-16 -0.000134522417398645
0 -0.00051372434209254
1.12713152943749e-16 -0.000166044115152355
-1.1271259042427e-16 -0.000235700417652441
0 -0.000141871119209705
0 -0.000371007691952729
0 -0.000786133765037736
0 -2.79354955435125e-06
0 -0.000122454901110383
1.12709215425306e-16 -0.000120662481280259
0 -0.000323803327678786
0 -0.000420111495749033
1.12707528001616e-16 0.000527737495081895
0 -0.000120883741215296
0 -0.000160912084503969
1.12705840628453e-16 -0.000247695415351023
-1.12705278181959e-16 -4.64458744458951e-05
0 -0.000302591285980405
1.12704153305813e-16 -0.00082925751853743
-1.1270359087616e-16 -0.000179170194244856
0 4.61004556115606e-05
1.12702466033694e-16 -0.000287339863491037
-1.12701903620881e-16 -8.85843918448174e-05
0 -0.000113380916394682
0 -0.000157538904663712
0 -0.000428264599782783
0 -0.000297588197211921
0 -0.000296227371333863
1.12698529261875e-16 -0.000397662965736166
0 -0.000137600609508701
0 -0.000226710195654759
1.12696842158143e-16 3.34462676394816e-05
0 -0.00032213114147738
0 -2.78801606438123e-06
1.12695155104923e-16 0.000105303841534565
-1.12694592765074e-16 0.000147274106707635
0 -0.000123548737486799
1.12693468102212e-16 -8.28757456587264e-05
-1.12692905779199e-16 3.51526321882902e-05
0 -0.000301174370383345
1.12691781150008e-16 -0.000518100109251006
-1.1269121884383e-16 -4.10701115728554e-05
0 -0.000132472068732662
0 -0.000133159362215505
0 -0.000349210376368054
0 -0.000126280239941221
0 -0.000325330057012807
1.126878451246e-16 -3.22072613954614e-05
0 0.000133357163796518
0 -0.000591860453030398
1.12686158340736e-16 -0.000334385076190717
0 -0.000116919933712148
0 6.27615316430568e-06
1.12684471607368e-16 -0.000534901419799
-1.12683909374133e-16 -0.000259612357561366
0 5.51213789444526e-05
1.12682784924495e-16 -0.000266513234668953
-1.12682222708091e-16 -0.000122166329311341
0 0.000101183092463647
1.12681098292114e-16 2.5255971558356e-06
-1.12680536092541e-16 -8.52366588422911e-05
0 -0.000264992722188799
0 -0.000221027652052495
0 -0.000108886069733865
0 -0.000136765570420221
0 -0.000417689969647699
1.12677163012906e-16 -0.000353712901380337
0 -0.000144600653299834
0 -0.000189695734304011
1.12675476548818e-16 -5.83834212378787e-06
-1.1267491440534e-16 7.38766001055474e-05
0 0.000276088928856761
1.12673790135211e-16 -0.000457226996424311
-1.1267322800856e-16 -0.000135237218076885
0 -0.000182932629682094
1.12672103772085e-16 -3.37189073188175e-05
-1.12671541662261e-16 -3.01179475887618e-05
0 -0.000478638921048721
1.12670417459438e-16 -7.08932060198255e-05
-1.12669855366439e-16 -0.000254389859370305
0 0.000112931999437994
0 -0.00036236443052418
0 -0.000248190184380615
0 -0.000202680532511393
0 0.000160664795670144
1.12666482926217e-16 -0.000415835900085195
0 -0.000123327541161592
0 -0.000518221586548956
1.12664796781813e-16 6.66705226617356e-05
-1.12664234744894e-16 -0.000286607523323675
0 -0.000180901575133054
1.12663110687877e-16 -2.97984830180105e-06
-1.1266254866778e-16 -0.000207360673149199
0 -0.000189331038810414
1.12661424644408e-16 -0.000200029409943642
-1.12660862641132e-16 -0.00017070076010538
0 0.000318822217856072
1.12659738651402e-16 0.000129188819152165
0 -0.00053076762008283
0 -0.000434125933384398
0 0.000108592923193492
0 0.00015831018411595
0 -0.000659468703240993
0 -0.000532735412673443
1.12655804863956e-16 -1.49519118024812e-05
0 -3.20045232883173e-05
0 -0.000133042772438119
1.12654119039146e-16 -0.00055577242141613
-1.12653557108755e-16 -4.648339308039e-05
0 0.000146559765527967
1.1265243326479e-16 8.31837033933895e-05
-1.12651871351216e-16 0.000152194493121695
0 -0.00024967790902666
1.12650747540886e-16 -0.000217031978367011
-1.12650185644129e-16 -0.000246343011814505
0 -7.25572015292083e-05
1.12649061867431e-16 -0.000319811899733443
0 -6.40467363293801e-05
0 -0.000193287882743581
0 -0.00030684634607335
0 -0.000469156290072648
0 4.13401651979397e-05
0 -2.07486377006254e-05
1.12645128825549e-16 0.000196551976279385
0 -0.000454413465876312
0 -0.000367264557767296
1.12643443320242e-16 -0.000166322468514559
-1.12642881496348e-16 -0.000300567106452093
0 -0.000321075543226268
1.12641757865375e-16 -0.00023553379253125
-1.12641196058294e-16 -0.000130441545513948
0 -0.000234268177882132
